237
248
238
250
248
237
225
230
227
177
1479
66
331
2526
6214
6381
6244
3090
38
2135
0
2216
4079
9506
8143
7354
7834
5331
32072
28791
17402
401
47635
140421
22814
31000
17631
5599
3909
4614
16450
24592
611
134808
1264
781
1100
1176
165742
444379
165548
98024
77160
78748
234269
78584
56108
168
108
164666
153650
219230
1504
148768
206863
187483
380100
2201477
97252
86773
147176
211243
75632
391582
222134
2129621
932251
21565
187149
211237
132648
210367
147993
145724
199624
158055
122255
11007
202965
185704
157193
144426
218805
15343
2190554
50542
194991
182983
26063
29895
24052
216
49610
125160
55896
47441
44144
38353
116
1706
1076
2756
608
586
770
1398
778
1464
1274
1427
790
997
1489
969
1061
2112
1457
573
41436
367
5246
50676
1969
38797
47
85578
1135
142978
19033
2915
28293
52
42776
209
1107
422
162
55
47494
20694
996
54970
29891
1514
1514
322
1549
300832670
1513
683
774
97
5039
4748
531
16261
546
23404
5770
18379
1049
22436
7644
13876
6474
6444
18490
9082
786
81
2
1367
1243
1625
1566
471
149
1592
5013
10302
6104
5833
1336
1256
515
428
1473
24021
498
494
16130
444
46747
10946
27625
43
7502
479
113
8144
2609
3735
22052
135
1432
39334
26151
23518
1473
498
715
446
20533
44636
12177
25489
19523
494
113
1633
11211
3755
725
24001
22028
17382
24572
135
1323
41029
42237
11500
25161
27703
75
37
